有收益数据的平台预览（前20条）:

                   专区名称  e交易26年3月_当月收益  e交易26年3月_当月收益同比  e交易26年3月_当月收益环比  e交易26年_26年总收益  e交易25年_25年总收益  e交易总收益_总收益 e交易总收益_总项目数
0                  华厦专区            0.0              NaN              NaN            0.0         4800.0    260845.0        1085
2                  六安专区        45845.0           -38.95             1.42       147155.0       866130.0   2818195.0        5398
3                  东海专区            0.0              NaN              NaN            0.0       408950.0   1489537.5         555
4              宣城交易公司专区            0.0              NaN              NaN            0.0       210518.0   1204784.0        1153
5                  湖滨新区        17920.0            17.12              NaN        17920.0       133350.0    449145.0         167
6                  通用专区            0.0              NaN              NaN            0.0            0.0      1800.0           1
7                淮安经发集团         7665.0           -30.32            17.74        16485.0       135405.0    528625.0         480
8                  宿豫专区        37070.0           -78.53           -52.80       286880.0      2073460.0   4887015.0         584
9                  胜捷专区            0.0              NaN              NaN            0.0          450.0     66115.0         285
10                 甪直专区            0.0              NaN              NaN            0.0            0.0     29565.0          35
11                 亳州专区            0.0              NaN              NaN         2175.0        34545.0     97320.0         181
12                城建校专区         5445.0           -56.00            -8.33        15180.0       108300.0    248995.0         383
13             淮安交投限额平台            0.0              NaN              NaN            0.0        50600.0     53600.0          71
14  涟水县投资控股集团有限公司集中交易专区          150.0           -96.05           -94.12        11000.0        76700.0     93900.0         393
16               新北罗溪专区            0.0              NaN              NaN            0.0       216780.0    539115.0          86
17                常州经开区        81000.0            95.58           195.62       232300.0       569910.0   3221575.0         642
20                 兴焱专区            0.0              NaN              NaN            0.0            0.0     21940.0          51
21                 浏河专区          500.0           -69.04           -76.19         6200.0        34205.0    540815.0         353
22                连云港专区            0.0              NaN              NaN            0.0         1000.0      1600.0           2
23                 嘉铭专区         1400.0           -71.25           -58.82        10800.0        36715.0     94745.0         127